function y = f11(x)
y = -1.29.*x^11-8.21.*x^10-4.85.*x^9-4.6.*x^8-6.27.*x^7+5.81.*x^6+6.92.*x^5+6.83.*x^4+3.53.*x^3+5.81.*x^2+0.11.*x-6.66;