function y=f11(x)
y = 0.9*x^3-4.23*x^2-2.07*x+3.83
